g = (1, 2, 4, 6, 8, 10, 12, 14, 16, 18, 20, 21, 19, 17, 15, 13, 11, 9, 7, 5, 3)
h = (2, 16)(3, 17)(4, 11)(5, 10)(8, 21)(9, 20)(14, 15)
Conjugacy Classes of group G
----------------------------
[1]     Order 1       Length 1      
Rep Id(G)

[2]     Order 2       Length 3      
Rep (1, 15)(3, 12)(4, 18)(6, 9)(7, 21)(10, 19)(13, 16)

[3]     Order 3       Length 2      
Rep (1, 14, 15)(2, 16, 13)(3, 12, 17)(4, 18, 11)(5, 10, 19)(6, 20, 9)(7, 8, 21)

[4]     Order 7       Length 1      
Rep (1, 6, 12, 18, 19, 13, 7)(2, 8, 14, 20, 17, 11, 5)(3, 4, 10, 16, 21, 15, 9)

[5]     Order 7       Length 1      
Rep (1, 12, 19, 7, 6, 18, 13)(2, 14, 17, 5, 8, 20, 11)(3, 10, 21, 9, 4, 16, 15)

[6]     Order 7       Length 1      
Rep (1, 18, 7, 12, 13, 6, 19)(2, 20, 5, 14, 11, 8, 17)(3, 16, 9, 10, 15, 4, 21)

[7]     Order 7       Length 1      
Rep (1, 19, 6, 13, 12, 7, 18)(2, 17, 8, 11, 14, 5, 20)(3, 21, 4, 15, 10, 9, 16)

[8]     Order 7       Length 1      
Rep (1, 13, 18, 6, 7, 19, 12)(2, 11, 20, 8, 5, 17, 14)(3, 15, 16, 4, 9, 21, 10)

[9]     Order 7       Length 1      
Rep (1, 7, 13, 19, 18, 12, 6)(2, 5, 11, 17, 20, 14, 8)(3, 9, 15, 21, 16, 10, 4)

[10]    Order 14      Length 3      
Rep (1, 16, 18, 9, 7, 10, 12, 15, 13, 4, 6, 21, 19, 3)(2, 11, 20, 8, 5, 17, 14)

[11]    Order 14      Length 3      
Rep (1, 9, 12, 4, 19, 16, 7, 15, 6, 3, 18, 10, 13, 21)(2, 8, 14, 20, 17, 11, 5)

[12]    Order 14      Length 3      
Rep (1, 10, 6, 16, 12, 21, 18, 15, 19, 9, 13, 3, 7, 4)(2, 17, 8, 11, 14, 5, 20)

[13]    Order 14      Length 3      
Rep (1, 4, 7, 3, 13, 9, 19, 15, 18, 21, 12, 16, 6, 10)(2, 20, 5, 14, 11, 8, 17)

[14]    Order 14      Length 3      
Rep (1, 21, 13, 10, 18, 3, 6, 15, 7, 16, 19, 4, 12, 9)(2, 5, 11, 17, 20, 14, 8)

[15]    Order 14      Length 3      
Rep (1, 3, 19, 21, 6, 4, 13, 15, 12, 10, 7, 9, 18, 16)(2, 14, 17, 5, 8, 20, 11)

[16]    Order 21      Length 2      
Rep (1, 2, 4, 6, 8, 10, 12, 14, 16, 18, 20, 21, 19, 17, 15, 13, 11, 9, 7, 5, 3)

[17]    Order 21      Length 2      
Rep (1, 4, 8, 12, 16, 20, 19, 15, 11, 7, 3, 2, 6, 10, 14, 18, 21, 17, 13, 9, 5)

[18]    Order 21      Length 2      
Rep (1, 8, 16, 19, 11, 3, 6, 14, 21, 13, 5, 4, 12, 20, 15, 7, 2, 10, 18, 17, 9)

[19]    Order 21      Length 2      
Rep (1, 10, 20, 13, 3, 8, 18, 15, 5, 6, 16, 17, 7, 4, 14, 19, 9, 2, 12, 21, 11)

[20]    Order 21      Length 2      
Rep (1, 20, 3, 18, 5, 16, 7, 14, 9, 12, 11, 10, 13, 8, 15, 6, 17, 4, 19, 2, 21)

[21]    Order 21      Length 2      
Rep (1, 17, 10, 7, 20, 4, 13, 14, 3, 19, 8, 9, 18, 2, 15, 12, 5, 21, 6, 11, 16)

