g = (1, 2, 4, 6, 8, 10, 12, 14, 16, 18, 20, 21, 19, 17, 15, 13, 11, 9, 7, 5, 3)
h = (2, 17)(3, 16)(4, 10)(5, 11)(6, 7)(8, 20)(9, 21)(12, 13)(18, 19)
Conjugacy Classes of group G
----------------------------
[1]     Order 1       Length 1      
Rep Id(G)

[2]     Order 2       Length 7      
Rep (1, 12)(2, 5)(3, 15)(4, 21)(7, 18)(8, 11)(10, 16)(13, 19)(14, 17)

[3]     Order 3       Length 1      
Rep (1, 14, 15)(2, 16, 13)(3, 12, 17)(4, 18, 11)(5, 10, 19)(6, 20, 9)(7, 8, 21)

[4]     Order 3       Length 1      
Rep (1, 15, 14)(2, 13, 16)(3, 17, 12)(4, 11, 18)(5, 19, 10)(6, 9, 20)(7, 21, 8)

[5]     Order 6       Length 7      
Rep (1, 17, 15, 12, 14, 3)(2, 10, 13, 5, 16, 19)(4, 7, 11, 21, 18, 8)(6, 20, 9)

[6]     Order 6       Length 7      
Rep (1, 3, 14, 12, 15, 17)(2, 19, 16, 5, 13, 10)(4, 8, 18, 21, 11, 7)(6, 9, 20)

[7]     Order 7       Length 2      
Rep (1, 6, 12, 18, 19, 13, 7)(2, 8, 14, 20, 17, 11, 5)(3, 4, 10, 16, 21, 15, 9)

[8]     Order 7       Length 2      
Rep (1, 19, 6, 13, 12, 7, 18)(2, 17, 8, 11, 14, 5, 20)(3, 21, 4, 15, 10, 9, 16)

[9]     Order 7       Length 2      
Rep (1, 13, 18, 6, 7, 19, 12)(2, 11, 20, 8, 5, 17, 14)(3, 15, 16, 4, 9, 21, 10)

[10]    Order 21      Length 2      
Rep (1, 2, 4, 6, 8, 10, 12, 14, 16, 18, 20, 21, 19, 17, 15, 13, 11, 9, 7, 5, 3)

[11]    Order 21      Length 2      
Rep (1, 4, 8, 12, 16, 20, 19, 15, 11, 7, 3, 2, 6, 10, 14, 18, 21, 17, 13, 9, 5)

[12]    Order 21      Length 2      
Rep (1, 8, 16, 19, 11, 3, 6, 14, 21, 13, 5, 4, 12, 20, 15, 7, 2, 10, 18, 17, 9)

[13]    Order 21      Length 2      
Rep (1, 3, 5, 7, 9, 11, 13, 15, 17, 19, 21, 20, 18, 16, 14, 12, 10, 8, 6, 4, 2)

[14]    Order 21      Length 2      
Rep (1, 5, 9, 13, 17, 21, 18, 14, 10, 6, 2, 3, 7, 11, 15, 19, 20, 16, 12, 8, 4)

[15]    Order 21      Length 2      
Rep (1, 9, 17, 18, 10, 2, 7, 15, 20, 12, 4, 5, 13, 21, 14, 6, 3, 11, 19, 16, 8)

